0 0.2 0.6216216216216216 0.392 0.7507507507507507
0 0.345 0.5045045045045045 0.134 0.16216216216216217
0 0.531 0.4099099099099099 0.09 0.2012012012012012
0 0.623 0.44294294294294295 0.118 0.2852852852852853
0 0.567 0.5 0.074 0.15915915915915915
0 0.778 0.5345345345345346 0.268 0.2702702702702703
0 0.967 0.5165165165165165 0.062 0.29429429429429427
0 0.894 0.44744744744744747 0.064 0.21021021021021022
0 0.69 0.3033033033033033 0.096 0.24624624624624625
0 0.735 0.27177177177177175 0.066 0.13513513513513514
