0 0.482 0.37333333333333335 0.216 0.48533333333333334
0 0.643 0.4146666666666667 0.114 0.344
0 0.681 0.6346666666666667 0.226 0.24533333333333332
0 0.281 0.49733333333333335 0.094 0.17333333333333334
0 0.359 0.5133333333333333 0.078 0.136
0 0.185 0.5586666666666666 0.126 0.2853333333333333
0 0.094 0.584 0.124 0.272
0 0.197 0.4026666666666667 0.11 0.26666666666666666
0 0.897 0.62 0.158 0.27466666666666667
0 0.801 0.5346666666666666 0.046 0.08266666666666667
0 0.053 0.44133333333333336 0.062 0.184
0 0.024 0.41733333333333333 0.04 0.09333333333333334
0 0.019 0.664 0.034 0.18666666666666668
0 0.569 0.4866666666666667 0.082 0.13066666666666665
