0 0.26 0.6373333333333333 0.156 0.704
0 0.368 0.6453333333333333 0.108 0.6826666666666666
0 0.448 0.612 0.144 0.712
0 0.528 0.5986666666666667 0.112 0.728
0 0.639 0.5786666666666667 0.13 0.7146666666666667
0 0.709 0.5906666666666667 0.102 0.7013333333333334
0 0.801 0.5893333333333334 0.098 0.6453333333333333
0 0.271 0.19333333333333333 0.086 0.248
0 0.283 0.24133333333333334 0.094 0.14133333333333334
0 0.344 0.19466666666666665 0.076 0.20266666666666666
0 0.417 0.244 0.122 0.22666666666666666
0 0.526 0.24533333333333332 0.12 0.24
0 0.579 0.248 0.062 0.192
0 0.642 0.22533333333333333 0.076 0.14133333333333334
0 0.722 0.22533333333333333 0.084 0.21066666666666667
