0 0.133 0.30266666666666664 0.218 0.4186666666666667
0 0.315 0.18933333333333333 0.094 0.2613333333333333
0 0.663 0.31466666666666665 0.17 0.288
0 0.436 0.3933333333333333 0.18 0.27466666666666667
0 0.672 0.424 0.156 0.24
0 0.8 0.32266666666666666 0.108 0.2826666666666667
0 0.721 0.296 0.114 0.26666666666666666
0 0.44 0.2826666666666667 0.228 0.33066666666666666
0 0.928 0.30266666666666664 0.116 0.21066666666666667
0 0.864 0.2946666666666667 0.068 0.168
0 0.299 0.2853333333333333 0.114 0.18666666666666668
0 0.037 0.2 0.07 0.39466666666666667
