0 0.246 0.31866666666666665 0.12 0.216
0 0.346 0.348 0.108 0.17333333333333334
0 0.42 0.352 0.092 0.176
0 0.53 0.3933333333333333 0.128 0.2853333333333333
0 0.649 0.42933333333333334 0.118 0.24533333333333332
0 0.727 0.36533333333333334 0.106 0.16
0 0.809 0.452 0.142 0.344
0 0.109 0.548 0.138 0.5626666666666666
0 0.227 0.44266666666666665 0.102 0.21333333333333335
0 0.268 0.58 0.136 0.27466666666666667
0 0.395 0.5413333333333333 0.094 0.22933333333333333
0 0.484 0.536 0.12 0.22933333333333333
0 0.598 0.556 0.112 0.22666666666666666
0 0.694 0.5653333333333334 0.132 0.26666666666666666
