0 0.912 0.5 0.104 0.4431137724550898
0 0.512 0.47754491017964074 0.096 0.38622754491017963
0 0.6 0.46706586826347307 0.084 0.33532934131736525
0 0.198 0.38772455089820357 0.064 0.23053892215568864
0 0.642 0.3592814371257485 0.068 0.19161676646706588
0 0.725 0.4236526946107784 0.062 0.3383233532934132
0 0.772 0.40718562874251496 0.04 0.32934131736526945
0 0.938 0.31736526946107785 0.056 0.19161676646706588
0 0.689 0.4026946107784431 0.058 0.3143712574850299
0 0.116 0.49850299401197606 0.088 0.47005988023952094
0 0.286 0.35778443113772457 0.044 0.2245508982035928
0 0.058 0.4595808383233533 0.072 0.44011976047904194
0 0.493 0.27095808383233533 0.018 0.05688622754491018
0 0.465 0.24550898203592814 0.022 0.05389221556886228
0 0.446 0.28892215568862273 0.04 0.11676646706586827
0 0.244 0.36077844311377244 0.052 0.218562874251497
