0 0.19924812030075187 0.697 0.19799498746867167 0.286
0 0.19924812030075187 0.593 0.23809523809523808 0.33
0 0.6378446115288221 0.838 0.09774436090225563 0.324
0 0.6654135338345865 0.525 0.11779448621553884 0.13
0 0.7017543859649122 0.591 0.16040100250626566 0.15
0 0.7807017543859649 0.456 0.10776942355889724 0.128
0 0.7581453634085213 0.431 0.07268170426065163 0.138
0 0.681704260651629 0.425 0.12030075187969924 0.102
0 0.6553884711779449 0.356 0.06766917293233082 0.072
0 0.6929824561403509 0.27 0.13283208020050125 0.264
