0 0.385 0.6536312849162011 0.11 0.37988826815642457
0 0.166 0.6452513966480447 0.112 0.30726256983240224
0 0.543 0.6438547486033519 0.102 0.3547486033519553
0 0.704 0.6243016759776536 0.116 0.38268156424581007
0 0.096 0.6857541899441341 0.068 0.3324022346368715
0 0.025 0.6634078212290503 0.046 0.3547486033519553
0 0.828 0.5698324022346368 0.052 0.2569832402234637
0 0.883 0.5782122905027933 0.05 0.2681564245810056
0 0.926 0.5670391061452514 0.044 0.2737430167597765
0 0.965 0.5586592178770949 0.058 0.27932960893854747
