0 0.4666666666666667 0.351 0.16533333333333333 0.122
0 0.9 0.561 0.2 0.426
0 0.7706666666666667 0.428 0.06933333333333333 0.08
0 0.608 0.405 0.20266666666666666 0.114
0 0.696 0.366 0.10133333333333333 0.076
0 0.572 0.343 0.08266666666666667 0.038
0 0.25066666666666665 0.33 0.13333333333333333 0.136
0 0.268 0.348 0.232 0.156
0 0.33866666666666667 0.416 0.112 0.112
0 0.24666666666666667 0.448 0.13066666666666665 0.128
0 0.148 0.506 0.136 0.144
0 0.08133333333333333 0.522 0.15733333333333333 0.432
0 0.708 0.707 0.424 0.586
