0 0.705 0.18666666666666668 0.038 0.08
0 0.716 0.2613333333333333 0.104 0.192
0 0.77 0.3413333333333333 0.156 0.272
0 0.798 0.4066666666666667 0.148 0.30133333333333334
0 0.811 0.604 0.378 0.584
0 0.594 0.164 0.08 0.11466666666666667
0 0.501 0.16933333333333334 0.05 0.104
0 0.48 0.212 0.084 0.12
0 0.422 0.236 0.12 0.136
0 0.371 0.276 0.23 0.21066666666666667
0 0.33 0.41333333333333333 0.18 0.336
0 0.253 0.48533333333333334 0.218 0.4106666666666667
0 0.165 0.7066666666666667 0.326 0.5866666666666667
