0 0.867 0.24882075471698112 0.234 0.41273584905660377
0 0.697 0.27122641509433965 0.19 0.36792452830188677
0 0.562 0.2841981132075472 0.3 0.35141509433962265
0 0.374 0.27358490566037735 0.176 0.3632075471698113
0 0.273 0.28773584905660377 0.122 0.33490566037735847
0 0.119 0.33372641509433965 0.194 0.2429245283018868
0 0.18 0.7558962264150944 0.328 0.36556603773584906
0 0.386 0.7099056603773585 0.136 0.17452830188679244
0 0.453 0.7806603773584906 0.33 0.3160377358490566
0 0.6 0.7370283018867925 0.12 0.22877358490566038
0 0.665 0.8301886792452831 0.098 0.2169811320754717
0 0.776 0.7523584905660378 0.236 0.3584905660377358
