0 0.902 0.3293333333333333 0.076 0.20533333333333334
0 0.871 0.23733333333333334 0.058 0.12266666666666666
0 0.838 0.34 0.072 0.17333333333333334
0 0.741 0.24266666666666667 0.082 0.144
0 0.599 0.256 0.062 0.096
0 0.307 0.22666666666666666 0.07 0.13333333333333333
0 0.219 0.2826666666666667 0.074 0.25066666666666665
0 0.211 0.38666666666666666 0.066 0.07466666666666667
0 0.146 0.3973333333333333 0.08 0.096
0 0.104 0.368 0.088 0.192
0 0.03 0.43333333333333335 0.056 0.17333333333333334
0 0.682 0.384 0.044 0.06933333333333333
