0 0.918 0.21333333333333335 0.064 0.21866666666666668
0 0.974 0.204 0.052 0.2906666666666667
0 0.259 0.14533333333333334 0.074 0.136
0 0.164 0.132 0.1 0.16266666666666665
0 0.09 0.15333333333333332 0.1 0.136
0 0.024 0.13466666666666666 0.04 0.184
0 0.31 0.14666666666666667 0.08 0.13333333333333333
0 0.768 0.11466666666666667 0.04 0.07466666666666667
0 0.732 0.124 0.028 0.050666666666666665
0 0.708 0.11866666666666667 0.028 0.06133333333333333
0 0.662 0.12933333333333333 0.036 0.04
0 0.419 0.12933333333333333 0.03 0.050666666666666665
0 0.349 0.12933333333333333 0.042 0.06666666666666667
0 0.856 0.19466666666666665 0.04 0.05333333333333334
