0 0.913 0.6342182890855457 0.074 0.3303834808259587
0 0.967 0.6327433628318584 0.066 0.34513274336283184
0 0.817 0.6047197640117994 0.082 0.336283185840708
0 0.675 0.5825958702064897 0.102 0.29793510324483774
0 0.772 0.5958702064896755 0.032 0.31268436578171094
0 0.743 0.5988200589970502 0.042 0.3008849557522124
0 0.505 0.5855457227138643 0.046 0.22123893805309736
0 0.578 0.5899705014749262 0.048 0.22418879056047197
0 0.541 0.5899705014749262 0.034 0.20058997050147492
0 0.633 0.6002949852507374 0.046 0.22123893805309736
0 0.461 0.5899705014749262 0.074 0.20058997050147492
0 0.132 0.672566371681416 0.26 0.6548672566371682
0 0.698 0.2920353982300885 0.068 0.17699115044247787
0 0.798 0.25663716814159293 0.064 0.1710914454277286
0 0.74 0.28023598820059 0.036 0.1710914454277286
