0 0.267 0.7245508982035929 0.062 0.2754491017964072
0 0.184 0.6796407185628742 0.048 0.2275449101796407
0 0.353 0.7170658682634731 0.05 0.2904191616766467
0 0.487 0.687125748502994 0.054 0.2125748502994012
0 0.789 0.7035928143712575 0.038 0.2215568862275449
0 0.83 0.7320359281437125 0.072 0.24251497005988024
0 0.751 0.6317365269461078 0.038 0.18562874251497005
0 0.851 0.5973053892215568 0.046 0.18263473053892215
0 0.909 0.6497005988023952 0.042 0.19760479041916168
0 0.979 0.6661676646706587 0.042 0.20658682634730538
