0 0.7 0.54 0.032 0.09866666666666667
0 0.24 0.5066666666666667 0.048 0.05333333333333334
0 0.306 0.54 0.044 0.136
0 0.413 0.548 0.042 0.12
0 0.57 0.7653333333333333 0.116 0.304
0 0.397 0.7133333333333334 0.086 0.248
0 0.257 0.6506666666666666 0.098 0.21333333333333335
0 0.119 0.6346666666666667 0.094 0.224
0 0.198 0.596 0.064 0.17333333333333334
0 0.031 0.5346666666666666 0.038 0.13066666666666665
0 0.074 0.5226666666666666 0.044 0.06933333333333333
0 0.148 0.496 0.036 0.058666666666666666
0 0.476 0.5866666666666667 0.064 0.16
