0 0.274 0.3952380952380952 0.036 0.09841269841269841
0 0.311 0.38412698412698415 0.046 0.08888888888888889
0 0.357 0.3761904761904762 0.05 0.08571428571428572
0 0.428 0.3746031746031746 0.04 0.0761904761904762
0 0.501 0.4380952380952381 0.062 0.18412698412698414
0 0.44 0.5682539682539682 0.156 0.35555555555555557
0 0.259 0.45396825396825397 0.074 0.13968253968253969
0 0.161 0.49047619047619045 0.094 0.15555555555555556
0 0.072 0.5888888888888889 0.132 0.35873015873015873
0 0.587 0.37936507936507935 0.066 0.1111111111111111
0 0.682 0.3634920634920635 0.06 0.10476190476190476
0 0.759 0.3634920634920635 0.082 0.10476190476190476
0 0.833 0.36507936507936506 0.058 0.10158730158730159
0 0.899 0.38412698412698415 0.11 0.13333333333333333
0 0.861 0.5142857142857142 0.134 0.3746031746031746
0 0.644 0.5063492063492063 0.096 0.346031746031746
